0 0.6279296875 0.3918991416309013 0.02522216796875 0.06283798283261802
0 0.4990234375 0.7065450643776824 0.03994873046875 0.10193133047210301
0 0.61865234375 0.5147532188841202 0.02838134765625 0.06454399141630901
0 0.49853515625 0.12962982832618025 0.02908447265625 0.05747317596566524
0 0.6396484375 0.7929184549356223 0.040771484375 0.07188841201716738
0 0.43505859375 0.7027896995708155 0.0230712890625 0.03959763948497854
0 0.302490234375 0.8036480686695279 0.02859619140625 0.08047210300429185
0 0.52783203125 0.2592542918454936 0.03704833984375 0.05197424892703863
0 0.384033203125 0.35702789699570814 0.0263525390625 0.06320278969957081
0 0.79296875 0.8760729613733905 0.03167724609375 0.08677575107296137
0 0.302978515625 0.3564914163090129 0.031142578125 0.05542381974248927