0 0.6455078125 0.8342274678111588 0.0364990234375 0.05737124463519313
0 0.263671875 0.3407349785407725 0.03580810546875 0.07918991416309014
0 0.26114990234375 0.8490343347639484 0.04215576171875 0.07862660944206008
0 0.356201171875 0.34269849785407724 0.03694580078125 0.07525751072961373
0 0.50634765625 0.31927575107296136 0.0361328125 0.062006437768240344
0 0.795654296875 0.8402736051502145 0.03043701171875 0.07039163090128756
0 0.62272216796875 0.16957081545064376 0.02473876953125 0.0523068669527897
0 0.60921142578125 0.34770922746781113 0.02701904296875 0.06523605150214593
0 0.40901611328125 0.7318884120171674 0.0302734375 0.0610568669527897
0 0.47623779296875 0.6891416309012875 0.03125 0.05782725321888412
0 0.62646484375 0.5333583690987124 0.02897216796875 0.05741952789699571
0 0.98380615234375 0.5156545064377682 0.02946044921875 0.07565987124463519