0 0.25773193359375 0.3317918454935623 0.03596923828125 0.07703862660944205
0 0.35091064453125 0.33376072961373393 0.03450439453125 0.0759656652360515
0 0.50032470703125 0.30764484978540774 0.02734375 0.05664163090128755
0 0.25520751953125 0.8476072961373391 0.03059814453125 0.0757618025751073
0 0.40543701171875 0.7147210300429184 0.02962158203125 0.06964055793991417
0 0.4716796875 0.6819903433476395 0.02864501953125 0.057821888412017165
0 0.789306640625 0.8266791845493563 0.02750732421875 0.05751072961373391
0 0.633056640625 0.8291845493562231 0.02750732421875 0.05536480686695279
0 0.616943359375 0.16527896995708152 0.02457763671875 0.05802575107296137
0 0.60294677734375 0.33232832618025754 0.02913330078125 0.05593347639484979
0 0.62109375 0.5211963519313305 0.02799560546875 0.06171137339055794
0 0.9765625 0.5158315450643777 0.0302734375 0.06672746781115879