0 0.6025390625 0.6314377682403434 0.03372314453125 0.07229077253218884
0 0.5751953125 0.22398068669527896 0.022841796875 0.058910944206008585
0 0.247314453125 0.7065450643776824 0.03204345703125 0.0809442060085837
0 0.2303466796875 0.2344420600858369 0.0369873046875 0.08201716738197425
0 0.56884765625 0.35219957081545067 0.03506591796875 0.07383583690987124
0 0.388916015625 0.5836909871244635 0.03079345703125 0.06987660944206009
0 0.46826171875 0.09093347639484979 0.03802490234375 0.05868025751072961
0 0.318115234375 0.21781115879828325 0.03436279296875 0.09026287553648069
0 0.50244140625 0.9232832618025751 0.04068115234375 0.10018776824034335
0 0.765625 0.6722103004291845 0.03384521484375 0.0877843347639485
0 0.45152587890625 0.5743884120171674 0.0310302734375 0.05469420600858369