0 0.2982584635416667 0.3706024317310439 0.03173828125 0.0595227285998382
0 0.5284876170056612 0.27207843889459277 0.027547808386647273 0.05569956013586921
0 0.62548828125 0.40665236051502146 0.0290374755859375 0.05991818669527897
0 0.61376953125 0.5252145922746781 0.0253753662109375 0.05914699570815451
0 0.6357421875 0.8047210300429185 0.036834716796875 0.0683006974248927
0 0.298583984375 0.8154506437768241 0.0322265625 0.07926502145922747
0 0.496337890625 0.15343347639484978 0.03167724609375 0.08214860515021459
0 0.4912109375 0.7258583690987125 0.029876708984375 0.06015289699570815
0 0.432373046875 0.7119098712446352 0.0293731689453125 0.05428513948497854
0 0.78857421875 0.8701716738197425 0.032470703125 0.048886802575107295
0 0.384033203125 0.38197424892703863 0.03759765625 0.10696083690987125