0 0.26668212890625 0.3240987124463519 0.04020263671875 0.0809763948497854
0 0.36116455078125 0.32624463519313307 0.0322265625 0.07668454935622318
0 0.26456787109375 0.8309710300429185 0.03271484375 0.07468347639484979
0 0.409423828125 0.7107832618025751 0.02946044921875 0.06892167381974248
0 0.508544921875 0.3028165236051502 0.02913330078125 0.05770922746781115
0 0.47916748046875 0.6714377682403433 0.03059814453125 0.06175429184549356
0 0.61466552734375 0.3278594420600858 0.02653076171875 0.050563304721030045
0 0.62947509765625 0.5140450643776824 0.03303955078125 0.06885729613733906
0 0.642333984375 0.8188090128755364 0.02815673828125 0.04891630901287554
0 0.796875 0.8259656652360514 0.03157470703125 0.07753755364806866
0 0.62923095703125 0.15472639484978543 0.03092529296875 0.06625
0 0.984765625 0.5083798283261802 0.03046875 0.07726394849785408